(kicad_pcb (version 20171130) (host pcbnew 5.1.7-a382d34a8~87~ubuntu20.04.1)

  (general
    (thickness 1.6)
    (drawings 35)
    (tracks 881)
    (zones 0)
    (modules 99)
    (nets 71)
  )

  (page A4)
  (title_block
    (title "HALO - edge lit photos")
    (date 2020-10-31)
    (rev v1)
    (company WyoLum)
  )

  (layers
    (0 F.Cu signal)
    (31 B.Cu signal hide)
    (32 B.Adhes user hide)
    (33 F.Adhes user hide)
    (34 B.Paste user hide)
    (35 F.Paste user hide)
    (36 B.SilkS user hide)
    (37 F.SilkS user hide)
    (38 B.Mask user hide)
    (39 F.Mask user hide)
    (40 Dwgs.User user)
    (41 Cmts.User user)
    (42 Eco1.User user)
    (43 Eco2.User user)
    (44 Edge.Cuts user)
    (45 Margin user)
    (46 B.CrtYd user hide)
    (47 F.CrtYd user hide)
    (48 B.Fab user hide)
    (49 F.Fab user hide)
  )

  (setup
    (last_trace_width 0.254)
    (user_trace_width 0.254)
    (user_trace_width 0.381)
    (user_trace_width 0.508)
    (user_trace_width 0.635)
    (user_trace_width 0.762)
    (trace_clearance 0.2)
    (zone_clearance 0.508)
    (zone_45_only no)
    (trace_min 0.2)
    (via_size 0.8)
    (via_drill 0.4)
    (via_min_size 0.4)
    (via_min_drill 0.3)
    (uvia_size 0.3)
    (uvia_drill 0.1)
    (uvias_allowed no)
    (uvia_min_size 0.2)
    (uvia_min_drill 0.1)
    (edge_width 0.05)
    (segment_width 0.2)
    (pcb_text_width 0.3)
    (pcb_text_size 1.5 1.5)
    (mod_edge_width 0.12)
    (mod_text_size 1 1)
    (mod_text_width 0.15)
    (pad_size 1.524 1.524)
    (pad_drill 0.762)
    (pad_to_mask_clearance 0)
    (aux_axis_origin 0 0)
    (visible_elements FFFFFF7F)
    (pcbplotparams
      (layerselection 0x010fc_ffffffff)
      (usegerberextensions false)
      (usegerberattributes true)
      (usegerberadvancedattributes true)
      (creategerberjobfile true)
      (excludeedgelayer true)
      (linewidth 0.100000)
      (plotframeref false)
      (viasonmask false)
      (mode 1)
      (useauxorigin false)
      (hpglpennumber 1)
      (hpglpenspeed 20)
      (hpglpendiameter 15.000000)
      (psnegative false)
      (psa4output false)
      (plotreference true)
      (plotvalue true)
      (plotinvisibletext false)
      (padsonsilk false)
      (subtractmaskfromsilk false)
      (outputformat 1)
      (mirror false)
      (drillshape 1)
      (scaleselection 1)
      (outputdirectory ""))
  )

  (net 0 "")
  (net 1 /12V)
  (net 2 GND)
  (net 3 +5V)
  (net 4 /RESET)
  (net 5 /PB6)
  (net 6 /PB7)
  (net 7 /Vin)
  (net 8 /Vusb)
  (net 9 /CC1)
  (net 10 /D+)
  (net 11 /D-)
  (net 12 /SBU1)
  (net 13 /CC2)
  (net 14 /SBU2)
  (net 15 /MISO)
  (net 16 /SCK)
  (net 17 /MOSI)
  (net 18 /TXD)
  (net 19 /RXD)
  (net 20 /SDA)
  (net 21 /SCL)
  (net 22 /SS)
  (net 23 /A0)
  (net 24 /A1)
  (net 25 /A2)
  (net 26 /A3)
  (net 27 /A6)
  (net 28 /A7)
  (net 29 /D2)
  (net 30 /D3~~)
  (net 31 /D7)
  (net 32 /D8)
  (net 33 /D9~~)
  (net 34 /D6~~_CLK)
  (net 35 "Net-(C9-Pad1)")
  (net 36 "Net-(D1-Pad2)")
  (net 37 /D5~~_DAT)
  (net 38 "Net-(D2-Pad2)")
  (net 39 "Net-(D3-Pad2)")
  (net 40 "Net-(D4-Pad2)")
  (net 41 "Net-(D5-Pad2)")
  (net 42 "Net-(D6-Pad2)")
  (net 43 "Net-(D7-Pad2)")
  (net 44 "Net-(D8-Pad2)")
  (net 45 "Net-(D10-Pad4)")
  (net 46 "Net-(D10-Pad2)")
  (net 47 "Net-(D11-Pad2)")
  (net 48 "Net-(D12-Pad2)")
  (net 49 "Net-(D13-Pad2)")
  (net 50 "Net-(D14-Pad2)")
  (net 51 "Net-(D15-Pad2)")
  (net 52 "Net-(D16-Pad2)")
  (net 53 "Net-(D17-Pad2)")
  (net 54 "Net-(D18-Pad2)")
  (net 55 "Net-(D19-Pad2)")
  (net 56 "Net-(D20-Pad2)")
  (net 57 "Net-(D21-Pad2)")
  (net 58 "Net-(D22-Pad2)")
  (net 59 "Net-(D23-Pad2)")
  (net 60 "Net-(D24-Pad2)")
  (net 61 "Net-(D25-Pad2)")
  (net 62 "Net-(D26-Pad2)")
  (net 63 "Net-(D27-Pad2)")
  (net 64 "Net-(D28-Pad2)")
  (net 65 "Net-(D29-Pad2)")
  (net 66 /LED/D5~~_DAT_OUT)
  (net 67 "Net-(D33-Pad1)")
  (net 68 "Net-(D34-Pad1)")
  (net 69 "Net-(P4-Pad3)")
  (net 70 /D4_MODE)

  (net_class Default "This is the default net class."
    (clearance 0.2)
    (trace_width 0.25)
    (via_dia 0.8)
    (via_drill 0.4)
    (uvia_dia 0.3)
    (uvia_drill 0.1)
    (add_net /A0)
    (add_net /A1)
    (add_net /A2)
    (add_net /A3)
    (add_net /A6)
    (add_net /A7)
    (add_net /CC1)
    (add_net /CC2)
    (add_net /D+)
    (add_net /D-)
    (add_net /D2)
    (add_net /D3~~)
    (add_net /D4_MODE)
    (add_net /D5~~_DAT)
    (add_net /D6~~_CLK)
    (add_net /D7)
    (add_net /D8)
    (add_net /D9~~)
    (add_net /LED/D5~~_DAT_OUT)
    (add_net /MISO)
    (add_net /MOSI)
    (add_net /PB6)
    (add_net /PB7)
    (add_net /RESET)
    (add_net /RXD)
    (add_net /SBU1)
    (add_net /SBU2)
    (add_net /SCK)
    (add_net /SCL)
    (add_net /SDA)
    (add_net /SS)
    (add_net /TXD)
    (add_net "Net-(C9-Pad1)")
    (add_net "Net-(D1-Pad2)")
    (add_net "Net-(D10-Pad2)")
    (add_net "Net-(D10-Pad4)")
    (add_net "Net-(D11-Pad2)")
    (add_net "Net-(D12-Pad2)")
    (add_net "Net-(D13-Pad2)")
    (add_net "Net-(D14-Pad2)")
    (add_net "Net-(D15-Pad2)")
    (add_net "Net-(D16-Pad2)")
    (add_net "Net-(D17-Pad2)")
    (add_net "Net-(D18-Pad2)")
    (add_net "Net-(D19-Pad2)")
    (add_net "Net-(D2-Pad2)")
    (add_net "Net-(D20-Pad2)")
    (add_net "Net-(D21-Pad2)")
    (add_net "Net-(D22-Pad2)")
    (add_net "Net-(D23-Pad2)")
    (add_net "Net-(D24-Pad2)")
    (add_net "Net-(D25-Pad2)")
    (add_net "Net-(D26-Pad2)")
    (add_net "Net-(D27-Pad2)")
    (add_net "Net-(D28-Pad2)")
    (add_net "Net-(D29-Pad2)")
    (add_net "Net-(D3-Pad2)")
    (add_net "Net-(D33-Pad1)")
    (add_net "Net-(D34-Pad1)")
    (add_net "Net-(D4-Pad2)")
    (add_net "Net-(D5-Pad2)")
    (add_net "Net-(D6-Pad2)")
    (add_net "Net-(D7-Pad2)")
    (add_net "Net-(D8-Pad2)")
    (add_net "Net-(P4-Pad3)")
  )

  (net_class "10 mils" ""
    (clearance 0.2)
    (trace_width 0.254)
    (via_dia 0.8)
    (via_drill 0.4)
    (uvia_dia 0.3)
    (uvia_drill 0.1)
  )

  (net_class "15 mils" ""
    (clearance 0.2)
    (trace_width 0.381)
    (via_dia 0.8)
    (via_drill 0.4)
    (uvia_dia 0.3)
    (uvia_drill 0.1)
  )

  (net_class "20 mils" ""
    (clearance 0.2)
    (trace_width 0.508)
    (via_dia 0.8)
    (via_drill 0.4)
    (uvia_dia 0.3)
    (uvia_drill 0.1)
    (add_net +5V)
    (add_net /12V)
    (add_net /Vin)
    (add_net /Vusb)
    (add_net GND)
  )

  (net_class "25 mils" ""
    (clearance 0.2)
    (trace_width 0.635)
    (via_dia 0.8)
    (via_drill 0.4)
    (uvia_dia 0.3)
    (uvia_drill 0.1)
  )

  (module halo:PinSocket_1x04_P2.54mm_Vertical_SMD_Pin1Left (layer F.Cu) (tedit 5A19A423) (tstamp 5F9E64E9)
    (at 0 28.829 90)
    (descr "surface-mounted straight socket strip, 1x04, 2.54mm pitch, single row, style 1 (pin 1 left) (https://cdn.harwin.com/pdfs/M20-786.pdf), script generated")
    (tags "Surface mounted socket strip SMD 1x04 2.54mm single row style1 pin1 left")
    (path /5FA65C4B)
    (attr smd)
    (fp_text reference P5 (at 0 -6.68 90) (layer F.SilkS)
      (effects (font (size 1 1) (thickness 0.15)))
    )
    (fp_text value qwiic (at 0 6.68 90) (layer F.Fab)
      (effects (font (size 1 1) (thickness 0.15)))
    )
    (fp_text user %R (at 0 0) (layer F.Fab)
      (effects (font (size 1 1) (thickness 0.15)))
    )
    (fp_line (start -1.33 -5.24) (end 1.33 -5.24) (layer F.SilkS) (width 0.12))
    (fp_line (start 1.33 -5.24) (end 1.33 -2.03) (layer F.SilkS) (width 0.12))
    (fp_line (start 1.33 -0.51) (end 1.33 3.05) (layer F.SilkS) (width 0.12))
    (fp_line (start 1.33 4.57) (end 1.33 5.24) (layer F.SilkS) (width 0.12))
    (fp_line (start -1.33 5.24) (end 1.33 5.24) (layer F.SilkS) (width 0.12))
    (fp_line (start -1.33 -5.24) (end -1.33 -4.57) (layer F.SilkS) (width 0.12))
    (fp_line (start -1.33 -3.05) (end -1.33 0.51) (layer F.SilkS) (width 0.12))
    (fp_line (start -1.33 2.03) (end -1.33 5.24) (layer F.SilkS) (width 0.12))
    (fp_line (start -2.54 -4.57) (end -1.33 -4.57) (layer F.SilkS) (width 0.12))
    (fp_line (start -0.635 -5.18) (end 1.27 -5.18) (layer F.Fab) (width 0.1))
    (fp_line (start 1.27 -5.18) (end 1.27 5.18) (layer F.Fab) (width 0.1))
    (fp_line (start 1.27 5.18) (end -1.27 5.18) (layer F.Fab) (width 0.1))
    (fp_line (start -1.27 5.18) (end -1.27 -4.545) (layer F.Fab) (width 0.1))
    (fp_line (start -1.27 -4.545) (end -0.635 -5.18) (layer F.Fab) (width 0.1))
    (fp_line (start -2.27 -4.11) (end -1.27 -4.11) (layer F.Fab) (width 0.1))
    (fp_line (start -1.27 -3.51) (end -2.27 -3.51) (layer F.Fab) (width 0.1))
    (fp_line (start -2.27 -3.51) (end -2.27 -4.11) (layer F.Fab) (width 0.1))
    (fp_line (start 1.27 -1.57) (end 2.27 -1.57) (layer F.Fab) (width 0.1))
    (fp_line (start 2.27 -1.57) (end 2.27 -0.97) (layer F.Fab) (width 0.1))
    (fp_line (start 2.27 -0.97) (end 1.27 -0.97) (layer F.Fab) (width 0.1))
    (fp_line (start -2.27 0.97) (end -1.27 0.97) (layer F.Fab) (width 0.1))
    (fp_line (start -1.27 1.57) (end -2.27 1.57) (layer F.Fab) (width 0.1))
    (fp_line (start -2.27 1.57) (end -2.27 0.97) (layer F.Fab) (width 0.1))
    (fp_line (start 1.27 3.51) (end 2.27 3.51) (layer F.Fab) (width 0.1))
    (fp_line (start 2.27 3.51) (end 2.27 4.11) (layer F.Fab) (width 0.1))
    (fp_line (start 2.27 4.11) (end 1.27 4.11) (layer F.Fab) (width 0.1))
    (fp_line (start -3.1 -5.7) (end 3.1 -5.7) (layer F.CrtYd) (width 0.05))
    (fp_line (start 3.1 -5.7) (end 3.1 5.7) (layer F.CrtYd) (width 0.05))
    (fp_line (start 3.1 5.7) (end -3.1 5.7) (layer F.CrtYd) (width 0.05))
    (fp_line (start -3.1 5.7) (end -3.1 -5.7) (layer F.CrtYd) (width 0.05))
    (pad 4 smd rect (at 1.65 3.81 90) (size 1.9 1) (layers F.Cu F.Paste F.Mask)
      (net 21 /SCL))
    (pad 2 smd rect (at 1.65 -1.27 90) (size 1.9 1) (layers F.Cu F.Paste F.Mask)
      (net 3 +5V))
    (pad 3 smd rect (at -1.65 1.27 90) (size 1.9 1) (layers F.Cu F.Paste F.Mask)
      (net 20 /SDA))
    (pad 1 smd rect (at -1.65 -3.81 90) (size 1.9 1) (layers F.Cu F.Paste F.Mask)
      (net 2 GND))
    (model ${KISYS3DMOD}/Connector_PinSocket_2.54mm.3dshapes/PinSocket_1x04_P2.54mm_Vertical_SMD_Pin1Left.wrl
      (at (xyz 0 0 0))
      (scale (xyz 1 1 1))
      (rotate (xyz 0 0 0))
    )
  )

  (module Connector_USB:USB_C_Receptacle_Amphenol_12401610E4-2A_CircularHoles (layer F.Cu) (tedit 5A142044) (tstamp 5F9C9018)
    (at 10.16 -36.83 180)
    (descr "USB TYPE C, RA RCPT PCB, SMT, https://www.amphenolcanada.com/StockAvailabilityPrice.aspx?From=&PartNum=12401610E4%7e2A")
    (tags "USB C Type-C Receptacle SMD")
    (path /5FB41D2E)
    (attr smd)
    (fp_text reference J2 (at 0 -6.36) (layer F.SilkS)
      (effects (font (size 1 1) (thickness 0.15)))
    )
    (fp_text value USB_C_Receptacle_USB2.0 (at 0 6.14) (layer F.Fab)
      (effects (font (size 1 1) (thickness 0.15)))
    )
    (fp_line (start -5.69 5.73) (end -5.69 -5.87) (layer F.CrtYd) (width 0.05))
    (fp_line (start 5.69 5.73) (end -5.69 5.73) (layer F.CrtYd) (width 0.05))
    (fp_line (start 5.69 -5.87) (end 5.69 5.73) (layer F.CrtYd) (width 0.05))
    (fp_line (start -5.69 -5.87) (end 5.69 -5.87) (layer F.CrtYd) (width 0.05))
    (fp_line (start 4.6 5.23) (end 4.6 -5.22) (layer F.Fab) (width 0.1))
    (fp_line (start -4.6 5.23) (end 4.6 5.23) (layer F.Fab) (width 0.1))
    (fp_line (start 3.25 -5.37) (end 4.75 -5.37) (layer F.SilkS) (width 0.12))
    (fp_line (start -4.75 -5.37) (end -4.75 -3.85) (layer F.SilkS) (width 0.12))
    (fp_line (start -4.75 -5.37) (end -3.25 -5.37) (layer F.SilkS) (width 0.12))
    (fp_line (start -4.6 -5.22) (end 4.6 -5.22) (layer F.Fab) (width 0.1))
    (fp_line (start -4.6 5.23) (end -4.6 -5.22) (layer F.Fab) (width 0.1))
    (fp_line (start 4.75 -2.35) (end 4.75 1.89) (layer F.SilkS) (width 0.12))
    (fp_line (start 4.75 -5.37) (end 4.75 -3.85) (layer F.SilkS) (width 0.12))
    (fp_line (start -4.75 -2.35) (end -4.75 1.89) (layer F.SilkS) (width 0.12))
    (fp_text user %R (at 0 0) (layer F.Fab)
      (effects (font (size 1 1) (thickness 0.1)))
    )
    (pad B12 smd rect (at -3 -3.32 180) (size 0.3 0.7) (layers F.Cu F.Paste F.Mask)
      (net 2 GND))
    (pad B11 smd rect (at -2.5 -3.32 180) (size 0.3 0.7) (layers F.Cu F.Paste F.Mask))
    (pad B10 smd rect (at -2 -3.32 180) (size 0.3 0.7) (layers F.Cu F.Paste F.Mask))
    (pad B9 smd rect (at -1.5 -3.32 180) (size 0.3 0.7) (layers F.Cu F.Paste F.Mask)
      (net 8 /Vusb))
    (pad B8 smd rect (at -1 -3.32 180) (size 0.3 0.7) (layers F.Cu F.Paste F.Mask)
      (net 14 /SBU2))
    (pad B7 smd rect (at -0.5 -3.32 180) (size 0.3 0.7) (layers F.Cu F.Paste F.Mask)
      (net 11 /D-))
    (pad B6 smd rect (at 0 -3.32 180) (size 0.3 0.7) (layers F.Cu F.Paste F.Mask)
      (net 10 /D+))
    (pad B5 smd rect (at 0.5 -3.32 180) (size 0.3 0.7) (layers F.Cu F.Paste F.Mask)
      (net 13 /CC2))
    (pad B4 smd rect (at 1 -3.32 180) (size 0.3 0.7) (layers F.Cu F.Paste F.Mask)
      (net 8 /Vusb))
    (pad B3 smd rect (at 1.5 -3.32 180) (size 0.3 0.7) (layers F.Cu F.Paste F.Mask))
    (pad B2 smd rect (at 2 -3.32 180) (size 0.3 0.7) (layers F.Cu F.Paste F.Mask))
    (pad "" np_thru_hole circle (at -3.6 -4.36 180) (size 0.65 0.65) (drill 0.65) (layers *.Cu *.Mask))
    (pad "" np_thru_hole circle (at 3.6 -4.36 180) (size 0.95 0.95) (drill 0.95) (layers *.Cu *.Mask))
    (pad S1 thru_hole circle (at -4.49 2.84 180) (size 1.4 1.4) (drill 1.1) (layers *.Cu *.Mask)
      (net 2 GND))
    (pad S1 thru_hole circle (at 4.49 2.84 180) (size 1.4 1.4) (drill 1.1) (layers *.Cu *.Mask)
      (net 2 GND))
    (pad S1 thru_hole circle (at 4.13 -3.11 180) (size 1.4 1.4) (drill 1.1) (layers *.Cu *.Mask)
      (net 2 GND))
    (pad B1 smd rect (at 2.5 -3.32 180) (size 0.3 0.7) (layers F.Cu F.Paste F.Mask)
      (net 2 GND))
    (pad A11 smd rect (at 2.25 -5.02 180) (size 0.3 0.7) (layers F.Cu F.Paste F.Mask))
    (pad A8 smd rect (at 0.75 -5.02 180) (size 0.3 0.7) (layers F.Cu F.Paste F.Mask)
      (net 12 /SBU1))
    (pad A9 smd rect (at 1.25 -5.02 180) (size 0.3 0.7) (layers F.Cu F.Paste F.Mask)
      (net 8 /Vusb))
    (pad A10 smd rect (at 1.75 -5.02 180) (size 0.3 0.7) (layers F.Cu F.Paste F.Mask))
    (pad A12 smd rect (at 2.75 -5.02 180) (size 0.3 0.7) (layers F.Cu F.Paste F.Mask)
      (net 2 GND))
    (pad A7 smd rect (at 0.25 -5.02 180) (size 0.3 0.7) (layers F.Cu F.Paste F.Mask)
      (net 11 /D-))
    (pad A6 smd rect (at -0.25 -5.02 180) (size 0.3 0.7) (layers F.Cu F.Paste F.Mask)
      (net 10 /D+))
    (pad A5 smd rect (at -0.75 -5.02 180) (size 0.3 0.7) (layers F.Cu F.Paste F.Mask)
      (net 9 /CC1))
    (pad A4 smd rect (at -1.25 -5.02 180) (size 0.3 0.7) (layers F.Cu F.Paste F.Mask)
      (net 8 /Vusb))
    (pad A3 smd rect (at -1.75 -5.02 180) (size 0.3 0.7) (layers F.Cu F.Paste F.Mask))
    (pad A2 smd rect (at -2.25 -5.02 180) (size 0.3 0.7) (layers F.Cu F.Paste F.Mask))
    (pad A1 smd rect (at -2.75 -5.02 180) (size 0.3 0.7) (layers F.Cu F.Paste F.Mask)
      (net 2 GND))
    (pad S1 thru_hole circle (at -4.13 -3.11 180) (size 1.4 1.4) (drill 1.1) (layers *.Cu *.Mask)
      (net 2 GND))
    (model ${KIPRJMOD}/3d_packages/amphenol_M-12401610E4_2A.wrl
      (at (xyz 0 0 0))
      (scale (xyz 1 1 1))
      (rotate (xyz 0 0 0))
    )
  )

  (module Capacitor_SMD:C_0805_2012Metric (layer F.Cu) (tedit 5F68FEEE) (tstamp 5F9C8F0B)
    (at 62.357 -9.525 90)
    (descr "Capacitor SMD 0805 (2012 Metric), square (rectangular) end terminal, IPC_7351 nominal, (Body size source: IPC-SM-782 page 76, https://www.pcb-3d.com/wordpress/wp-content/uploads/ipc-sm-782a_amendment_1_and_2.pdf, https://docs.google.com/spreadsheets/d/1BsfQQcO9C6DZCsRaXUlFlo91Tg2WpOkGARC1WS5S8t0/edit?usp=sharing), generated with kicad-footprint-generator")
    (tags capacitor)
    (path /4EC1290E)
    (attr smd)
    (fp_text reference C6 (at 0 -1.68 90) (layer F.SilkS)
      (effects (font (size 1 1) (thickness 0.15)))
    )
    (fp_text value 22p (at 0 1.68 90) (layer F.Fab)
      (effects (font (size 1 1) (thickness 0.15)))
    )
    (fp_line (start -1 0.625) (end -1 -0.625) (layer F.Fab) (width 0.1))
    (fp_line (start -1 -0.625) (end 1 -0.625) (layer F.Fab) (width 0.1))
    (fp_line (start 1 -0.625) (end 1 0.625) (layer F.Fab) (width 0.1))
    (fp_line (start 1 0.625) (end -1 0.625) (layer F.Fab) (width 0.1))
    (fp_line (start -0.261252 -0.735) (end 0.261252 -0.735) (layer F.SilkS) (width 0.12))
    (fp_line (start -0.261252 0.735) (end 0.261252 0.735) (layer F.SilkS) (width 0.12))
    (fp_line (start -1.7 0.98) (end -1.7 -0.98) (layer F.CrtYd) (width 0.05))
    (fp_line (start -1.7 -0.98) (end 1.7 -0.98) (layer F.CrtYd) (width 0.05))
    (fp_line (start 1.7 -0.98) (end 1.7 0.98) (layer F.CrtYd) (width 0.05))
    (fp_line (start 1.7 0.98) (end -1.7 0.98) (layer F.CrtYd) (width 0.05))
    (fp_text user %R (at 0 0 90) (layer F.Fab)
      (effects (font (size 0.5 0.5) (thickness 0.08)))
    )
    (pad 2 smd roundrect (at 0.95 0 90) (size 1 1.45) (layers F.Cu F.Paste F.Mask) (roundrect_rratio 0.25)
      (net 6 /PB7))
    (pad 1 smd roundrect (at -0.95 0 90) (size 1 1.45) (layers F.Cu F.Paste F.Mask) (roundrect_rratio 0.25)
      (net 2 GND))
    (model ${KISYS3DMOD}/Capacitor_SMD.3dshapes/C_0805_2012Metric.wrl
      (at (xyz 0 0 0))
      (scale (xyz 1 1 1))
      (rotate (xyz 0 0 0))
    )
  )

  (module Capacitor_SMD:C_0805_2012Metric (layer F.Cu) (tedit 5F68FEEE) (tstamp 5F9C8EE9)
    (at 38.481 -11.684 270)
    (descr "Capacitor SMD 0805 (2012 Metric), square (rectangular) end terminal, IPC_7351 nominal, (Body size source: IPC-SM-782 page 76, https://www.pcb-3d.com/wordpress/wp-content/uploads/ipc-sm-782a_amendment_1_and_2.pdf, https://docs.google.com/spreadsheets/d/1BsfQQcO9C6DZCsRaXUlFlo91Tg2WpOkGARC1WS5S8t0/edit?usp=sharing), generated with kicad-footprint-generator")
    (tags capacitor)
    (path /5FA13A98)
    (attr smd)
    (fp_text reference C4 (at 0 -1.68 90) (layer F.SilkS)
      (effects (font (size 1 1) (thickness 0.15)))
    )
    (fp_text value 1uF (at 0 1.68 90) (layer F.Fab)
      (effects (font (size 1 1) (thickness 0.15)))
    )
    (fp_line (start 1.7 0.98) (end -1.7 0.98) (layer F.CrtYd) (width 0.05))
    (fp_line (start 1.7 -0.98) (end 1.7 0.98) (layer F.CrtYd) (width 0.05))
    (fp_line (start -1.7 -0.98) (end 1.7 -0.98) (layer F.CrtYd) (width 0.05))
    (fp_line (start -1.7 0.98) (end -1.7 -0.98) (layer F.CrtYd) (width 0.05))
    (fp_line (start -0.261252 0.735) (end 0.261252 0.735) (layer F.SilkS) (width 0.12))
    (fp_line (start -0.261252 -0.735) (end 0.261252 -0.735) (layer F.SilkS) (width 0.12))
    (fp_line (start 1 0.625) (end -1 0.625) (layer F.Fab) (width 0.1))
    (fp_line (start 1 -0.625) (end 1 0.625) (layer F.Fab) (width 0.1))
    (fp_line (start -1 -0.625) (end 1 -0.625) (layer F.Fab) (width 0.1))
    (fp_line (start -1 0.625) (end -1 -0.625) (layer F.Fab) (width 0.1))
    (fp_text user %R (at 0 0 90) (layer F.Fab)
      (effects (font (size 0.5 0.5) (thickness 0.08)))
    )
    (pad 1 smd roundrect (at -0.95 0 270) (size 1 1.45) (layers F.Cu F.Paste F.Mask) (roundrect_rratio 0.25)
      (net 3 +5V))
    (pad 2 smd roundrect (at 0.95 0 270) (size 1 1.45) (layers F.Cu F.Paste F.Mask) (roundrect_rratio 0.25)
      (net 2 GND))
    (model ${KISYS3DMOD}/Capacitor_SMD.3dshapes/C_0805_2012Metric.wrl
      (at (xyz 0 0 0))
      (scale (xyz 1 1 1))
      (rotate (xyz 0 0 0))
    )
  )

  (module Capacitor_SMD:CP_Elec_4x5.8 (layer F.Cu) (tedit 5BCA39CF) (tstamp 5F9DB30A)
    (at 44.704 -10.795 270)
    (descr "SMD capacitor, aluminum electrolytic, Panasonic, 4.0x5.8mm")
    (tags "capacitor electrolytic")
    (path /5FA144D9)
    (attr smd)
    (fp_text reference C1 (at 0 -3.2 90) (layer F.SilkS)
      (effects (font (size 1 1) (thickness 0.15)))
    )
    (fp_text value 10uF (at 0 3.2 90) (layer F.Fab)
      (effects (font (size 1 1) (thickness 0.15)))
    )
    (fp_circle (center 0 0) (end 2 0) (layer F.Fab) (width 0.1))
    (fp_line (start 2.15 -2.15) (end 2.15 2.15) (layer F.Fab) (width 0.1))
    (fp_line (start -1.15 -2.15) (end 2.15 -2.15) (layer F.Fab) (width 0.1))
    (fp_line (start -1.15 2.15) (end 2.15 2.15) (layer F.Fab) (width 0.1))
    (fp_line (start -2.15 -1.15) (end -2.15 1.15) (layer F.Fab) (width 0.1))
    (fp_line (start -2.15 -1.15) (end -1.15 -2.15) (layer F.Fab) (width 0.1))
    (fp_line (start -2.15 1.15) (end -1.15 2.15) (layer F.Fab) (width 0.1))
    (fp_line (start -1.574773 -1) (end -1.174773 -1) (layer F.Fab) (width 0.1))
    (fp_line (start -1.374773 -1.2) (end -1.374773 -0.8) (layer F.Fab) (width 0.1))
    (fp_line (start 2.26 2.26) (end 2.26 1.06) (layer F.SilkS) (width 0.12))
    (fp_line (start 2.26 -2.26) (end 2.26 -1.06) (layer F.SilkS) (width 0.12))
    (fp_line (start -1.195563 -2.26) (end 2.26 -2.26) (layer F.SilkS) (width 0.12))
    (fp_line (start -1.195563 2.26) (end 2.26 2.26) (layer F.SilkS) (width 0.12))
    (fp_line (start -2.26 1.195563) (end -2.26 1.06) (layer F.SilkS) (width 0.12))
    (fp_line (start -2.26 -1.195563) (end -2.26 -1.06) (layer F.SilkS) (width 0.12))
    (fp_line (start -2.26 -1.195563) (end -1.195563 -2.26) (layer F.SilkS) (width 0.12))
    (fp_line (start -2.26 1.195563) (end -1.195563 2.26) (layer F.SilkS) (width 0.12))
    (fp_line (start -3 -1.56) (end -2.5 -1.56) (layer F.SilkS) (width 0.12))
    (fp_line (start -2.75 -1.81) (end -2.75 -1.31) (layer F.SilkS) (width 0.12))
    (fp_line (start 2.4 -2.4) (end 2.4 -1.05) (layer F.CrtYd) (width 0.05))
    (fp_line (start 2.4 -1.05) (end 3.35 -1.05) (layer F.CrtYd) (width 0.05))
    (fp_line (start 3.35 -1.05) (end 3.35 1.05) (layer F.CrtYd) (width 0.05))
    (fp_line (start 3.35 1.05) (end 2.4 1.05) (layer F.CrtYd) (width 0.05))
    (fp_line (start 2.4 1.05) (end 2.4 2.4) (layer F.CrtYd) (width 0.05))
    (fp_line (start -1.25 2.4) (end 2.4 2.4) (layer F.CrtYd) (width 0.05))
    (fp_line (start -1.25 -2.4) (end 2.4 -2.4) (layer F.CrtYd) (width 0.05))
    (fp_line (start -2.4 1.25) (end -1.25 2.4) (layer F.CrtYd) (width 0.05))
    (fp_line (start -2.4 -1.25) (end -1.25 -2.4) (layer F.CrtYd) (width 0.05))
    (fp_line (start -2.4 -1.25) (end -2.4 -1.05) (layer F.CrtYd) (width 0.05))
    (fp_line (start -2.4 1.05) (end -2.4 1.25) (layer F.CrtYd) (width 0.05))
    (fp_line (start -2.4 -1.05) (end -3.35 -1.05) (layer F.CrtYd) (width 0.05))
    (fp_line (start -3.35 -1.05) (end -3.35 1.05) (layer F.CrtYd) (width 0.05))
    (fp_line (start -3.35 1.05) (end -2.4 1.05) (layer F.CrtYd) (width 0.05))
    (fp_text user %R (at 0 0 90) (layer F.Fab)
      (effects (font (size 0.8 0.8) (thickness 0.12)))
    )
    (pad 2 smd roundrect (at 1.8 0 270) (size 2.6 1.6) (layers F.Cu F.Paste F.Mask) (roundrect_rratio 0.15625)
      (net 2 GND))
    (pad 1 smd roundrect (at -1.8 0 270) (size 2.6 1.6) (layers F.Cu F.Paste F.Mask) (roundrect_rratio 0.15625)
      (net 3 +5V))
    (model ${KISYS3DMOD}/Capacitor_SMD.3dshapes/CP_Elec_4x5.8.wrl
      (at (xyz 0 0 0))
      (scale (xyz 1 1 1))
      (rotate (xyz 0 0 0))
    )
  )

  (module Capacitor_SMD:C_0805_2012Metric (layer F.Cu) (tedit 5F68FEEE) (tstamp 5F9C8EC7)
    (at 56.261 -27.051 90)
    (descr "Capacitor SMD 0805 (2012 Metric), square (rectangular) end terminal, IPC_7351 nominal, (Body size source: IPC-SM-782 page 76, https://www.pcb-3d.com/wordpress/wp-content/uploads/ipc-sm-782a_amendment_1_and_2.pdf, https://docs.google.com/spreadsheets/d/1BsfQQcO9C6DZCsRaXUlFlo91Tg2WpOkGARC1WS5S8t0/edit?usp=sharing), generated with kicad-footprint-generator")
    (tags capacitor)
    (path /4DCA7BAC)
    (attr smd)
    (fp_text reference C2 (at 0 -1.68 90) (layer F.SilkS)
      (effects (font (size 1 1) (thickness 0.15)))
    )
    (fp_text value 100n (at 0 1.68 90) (layer F.Fab)
      (effects (font (size 1 1) (thickness 0.15)))
    )
    (fp_line (start -1 0.625) (end -1 -0.625) (layer F.Fab) (width 0.1))
    (fp_line (start -1 -0.625) (end 1 -0.625) (layer F.Fab) (width 0.1))
    (fp_line (start 1 -0.625) (end 1 0.625) (layer F.Fab) (width 0.1))
    (fp_line (start 1 0.625) (end -1 0.625) (layer F.Fab) (width 0.1))
    (fp_line (start -0.261252 -0.735) (end 0.261252 -0.735) (layer F.SilkS) (width 0.12))
    (fp_line (start -0.261252 0.735) (end 0.261252 0.735) (layer F.SilkS) (width 0.12))
    (fp_line (start -1.7 0.98) (end -1.7 -0.98) (layer F.CrtYd) (width 0.05))
    (fp_line (start -1.7 -0.98) (end 1.7 -0.98) (layer F.CrtYd) (width 0.05))
    (fp_line (start 1.7 -0.98) (end 1.7 0.98) (layer F.CrtYd) (width 0.05))
    (fp_line (start 1.7 0.98) (end -1.7 0.98) (layer F.CrtYd) (width 0.05))
    (fp_text user %R (at 0 0 90) (layer F.Fab)
      (effects (font (size 0.5 0.5) (thickness 0.08)))
    )
    (pad 2 smd roundrect (at 0.95 0 90) (size 1 1.45) (layers F.Cu F.Paste F.Mask) (roundrect_rratio 0.25)
      (net 2 GND))
    (pad 1 smd roundrect (at -0.95 0 90) (size 1 1.45) (layers F.Cu F.Paste F.Mask) (roundrect_rratio 0.25)
      (net 3 +5V))
    (model ${KISYS3DMOD}/Capacitor_SMD.3dshapes/C_0805_2012Metric.wrl
      (at (xyz 0 0 0))
      (scale (xyz 1 1 1))
      (rotate (xyz 0 0 0))
    )
  )

  (module Capacitor_SMD:C_0805_2012Metric (layer F.Cu) (tedit 5F68FEEE) (tstamp 5F9C8ED8)
    (at 41.021 -11.684 270)
    (descr "Capacitor SMD 0805 (2012 Metric), square (rectangular) end terminal, IPC_7351 nominal, (Body size source: IPC-SM-782 page 76, https://www.pcb-3d.com/wordpress/wp-content/uploads/ipc-sm-782a_amendment_1_and_2.pdf, https://docs.google.com/spreadsheets/d/1BsfQQcO9C6DZCsRaXUlFlo91Tg2WpOkGARC1WS5S8t0/edit?usp=sharing), generated with kicad-footprint-generator")
    (tags capacitor)
    (path /5FA12894)
    (attr smd)
    (fp_text reference C3 (at 0 -1.68 90) (layer F.SilkS)
      (effects (font (size 1 1) (thickness 0.15)))
    )
    (fp_text value 1uF (at 0 1.68 90) (layer F.Fab)
      (effects (font (size 1 1) (thickness 0.15)))
    )
    (fp_line (start 1.7 0.98) (end -1.7 0.98) (layer F.CrtYd) (width 0.05))
    (fp_line (start 1.7 -0.98) (end 1.7 0.98) (layer F.CrtYd) (width 0.05))
    (fp_line (start -1.7 -0.98) (end 1.7 -0.98) (layer F.CrtYd) (width 0.05))
    (fp_line (start -1.7 0.98) (end -1.7 -0.98) (layer F.CrtYd) (width 0.05))
    (fp_line (start -0.261252 0.735) (end 0.261252 0.735) (layer F.SilkS) (width 0.12))
    (fp_line (start -0.261252 -0.735) (end 0.261252 -0.735) (layer F.SilkS) (width 0.12))
    (fp_line (start 1 0.625) (end -1 0.625) (layer F.Fab) (width 0.1))
    (fp_line (start 1 -0.625) (end 1 0.625) (layer F.Fab) (width 0.1))
    (fp_line (start -1 -0.625) (end 1 -0.625) (layer F.Fab) (width 0.1))
    (fp_line (start -1 0.625) (end -1 -0.625) (layer F.Fab) (width 0.1))
    (fp_text user %R (at 0 0 90) (layer F.Fab)
      (effects (font (size 0.5 0.5) (thickness 0.08)))
    )
    (pad 1 smd roundrect (at -0.95 0 270) (size 1 1.45) (layers F.Cu F.Paste F.Mask) (roundrect_rratio 0.25)
      (net 3 +5V))
    (pad 2 smd roundrect (at 0.95 0 270) (size 1 1.45) (layers F.Cu F.Paste F.Mask) (roundrect_rratio 0.25)
      (net 2 GND))
    (model ${KISYS3DMOD}/Capacitor_SMD.3dshapes/C_0805_2012Metric.wrl
      (at (xyz 0 0 0))
      (scale (xyz 1 1 1))
      (rotate (xyz 0 0 0))
    )
  )

  (module Capacitor_SMD:C_0805_2012Metric (layer F.Cu) (tedit 5F68FEEE) (tstamp 5F9C8EFA)
    (at 53.721 -9.525 90)
    (descr "Capacitor SMD 0805 (2012 Metric), square (rectangular) end terminal, IPC_7351 nominal, (Body size source: IPC-SM-782 page 76, https://www.pcb-3d.com/wordpress/wp-content/uploads/ipc-sm-782a_amendment_1_and_2.pdf, https://docs.google.com/spreadsheets/d/1BsfQQcO9C6DZCsRaXUlFlo91Tg2WpOkGARC1WS5S8t0/edit?usp=sharing), generated with kicad-footprint-generator")
    (tags capacitor)
    (path /4EC128EB)
    (attr smd)
    (fp_text reference C5 (at 0 -1.68 90) (layer F.SilkS)
      (effects (font (size 1 1) (thickness 0.15)))
    )
    (fp_text value 22p (at 0 1.68 90) (layer F.Fab)
      (effects (font (size 1 1) (thickness 0.15)))
    )
    (fp_line (start -1 0.625) (end -1 -0.625) (layer F.Fab) (width 0.1))
    (fp_line (start -1 -0.625) (end 1 -0.625) (layer F.Fab) (width 0.1))
    (fp_line (start 1 -0.625) (end 1 0.625) (layer F.Fab) (width 0.1))
    (fp_line (start 1 0.625) (end -1 0.625) (layer F.Fab) (width 0.1))
    (fp_line (start -0.261252 -0.735) (end 0.261252 -0.735) (layer F.SilkS) (width 0.12))
    (fp_line (start -0.261252 0.735) (end 0.261252 0.735) (layer F.SilkS) (width 0.12))
    (fp_line (start -1.7 0.98) (end -1.7 -0.98) (layer F.CrtYd) (width 0.05))
    (fp_line (start -1.7 -0.98) (end 1.7 -0.98) (layer F.CrtYd) (width 0.05))
    (fp_line (start 1.7 -0.98) (end 1.7 0.98) (layer F.CrtYd) (width 0.05))
    (fp_line (start 1.7 0.98) (end -1.7 0.98) (layer F.CrtYd) (width 0.05))
    (fp_text user %R (at 0 0 90) (layer F.Fab)
      (effects (font (size 0.5 0.5) (thickness 0.08)))
    )
    (pad 2 smd roundrect (at 0.95 0 90) (size 1 1.45) (layers F.Cu F.Paste F.Mask) (roundrect_rratio 0.25)
      (net 2 GND))
    (pad 1 smd roundrect (at -0.95 0 90) (size 1 1.45) (layers F.Cu F.Paste F.Mask) (roundrect_rratio 0.25)
      (net 5 /PB6))
    (model ${KISYS3DMOD}/Capacitor_SMD.3dshapes/C_0805_2012Metric.wrl
      (at (xyz 0 0 0))
      (scale (xyz 1 1 1))
      (rotate (xyz 0 0 0))
    )
  )

  (module Capacitor_SMD:C_0805_2012Metric (layer F.Cu) (tedit 5F68FEEE) (tstamp 5F9C8F2D)
    (at -30.099 -19.939 90)
    (descr "Capacitor SMD 0805 (2012 Metric), square (rectangular) end terminal, IPC_7351 nominal, (Body size source: IPC-SM-782 page 76, https://www.pcb-3d.com/wordpress/wp-content/uploads/ipc-sm-782a_amendment_1_and_2.pdf, https://docs.google.com/spreadsheets/d/1BsfQQcO9C6DZCsRaXUlFlo91Tg2WpOkGARC1WS5S8t0/edit?usp=sharing), generated with kicad-footprint-generator")
    (tags capacitor)
    (path /5FC23C74)
    (attr smd)
    (fp_text reference C8 (at 0 -1.68 90) (layer F.SilkS)
      (effects (font (size 1 1) (thickness 0.15)))
    )
    (fp_text value 1uF (at 0 1.68 90) (layer F.Fab)
      (effects (font (size 1 1) (thickness 0.15)))
    )
    (fp_line (start 1.7 0.98) (end -1.7 0.98) (layer F.CrtYd) (width 0.05))
    (fp_line (start 1.7 -0.98) (end 1.7 0.98) (layer F.CrtYd) (width 0.05))
    (fp_line (start -1.7 -0.98) (end 1.7 -0.98) (layer F.CrtYd) (width 0.05))
    (fp_line (start -1.7 0.98) (end -1.7 -0.98) (layer F.CrtYd) (width 0.05))
    (fp_line (start -0.261252 0.735) (end 0.261252 0.735) (layer F.SilkS) (width 0.12))
    (fp_line (start -0.261252 -0.735) (end 0.261252 -0.735) (layer F.SilkS) (width 0.12))
    (fp_line (start 1 0.625) (end -1 0.625) (layer F.Fab) (width 0.1))
    (fp_line (start 1 -0.625) (end 1 0.625) (layer F.Fab) (width 0.1))
    (fp_line (start -1 -0.625) (end 1 -0.625) (layer F.Fab) (width 0.1))
    (fp_line (start -1 0.625) (end -1 -0.625) (layer F.Fab) (width 0.1))
    (fp_text user %R (at 0 0 90) (layer F.Fab)
      (effects (font (size 0.5 0.5) (thickness 0.08)))
    )
    (pad 1 smd roundrect (at -0.95 0 90) (size 1 1.45) (layers F.Cu F.Paste F.Mask) (roundrect_rratio 0.25)
      (net 3 +5V))
    (pad 2 smd roundrect (at 0.95 0 90) (size 1 1.45) (layers F.Cu F.Paste F.Mask) (roundrect_rratio 0.25)
      (net 2 GND))
    (model ${KISYS3DMOD}/Capacitor_SMD.3dshapes/C_0805_2012Metric.wrl
      (at (xyz 0 0 0))
      (scale (xyz 1 1 1))
      (rotate (xyz 0 0 0))
    )
  )

  (module Capacitor_SMD:C_0805_2012Metric (layer F.Cu) (tedit 5F68FEEE) (tstamp 5F9DAEB4)
    (at 21.971 -34.417 90)
    (descr "Capacitor SMD 0805 (2012 Metric), square (rectangular) end terminal, IPC_7351 nominal, (Body size source: IPC-SM-782 page 76, https://www.pcb-3d.com/wordpress/wp-content/uploads/ipc-sm-782a_amendment_1_and_2.pdf, https://docs.google.com/spreadsheets/d/1BsfQQcO9C6DZCsRaXUlFlo91Tg2WpOkGARC1WS5S8t0/edit?usp=sharing), generated with kicad-footprint-generator")
    (tags capacitor)
    (path /5415F8B1)
    (attr smd)
    (fp_text reference C9 (at 0 -1.68 90) (layer F.SilkS)
      (effects (font (size 1 1) (thickness 0.15)))
    )
    (fp_text value 100n (at 0 1.68 90) (layer F.Fab)
      (effects (font (size 1 1) (thickness 0.15)))
    )
    (fp_line (start 1.7 0.98) (end -1.7 0.98) (layer F.CrtYd) (width 0.05))
    (fp_line (start 1.7 -0.98) (end 1.7 0.98) (layer F.CrtYd) (width 0.05))
    (fp_line (start -1.7 -0.98) (end 1.7 -0.98) (layer F.CrtYd) (width 0.05))
    (fp_line (start -1.7 0.98) (end -1.7 -0.98) (layer F.CrtYd) (width 0.05))
    (fp_line (start -0.261252 0.735) (end 0.261252 0.735) (layer F.SilkS) (width 0.12))
    (fp_line (start -0.261252 -0.735) (end 0.261252 -0.735) (layer F.SilkS) (width 0.12))
    (fp_line (start 1 0.625) (end -1 0.625) (layer F.Fab) (width 0.1))
    (fp_line (start 1 -0.625) (end 1 0.625) (layer F.Fab) (width 0.1))
    (fp_line (start -1 -0.625) (end 1 -0.625) (layer F.Fab) (width 0.1))
    (fp_line (start -1 0.625) (end -1 -0.625) (layer F.Fab) (width 0.1))
    (fp_text user %R (at 0 0 90) (layer F.Fab)
      (effects (font (size 0.5 0.5) (thickness 0.08)))
    )
    (pad 1 smd roundrect (at -0.95 0 90) (size 1 1.45) (layers F.Cu F.Paste F.Mask) (roundrect_rratio 0.25)
      (net 35 "Net-(C9-Pad1)"))
    (pad 2 smd roundrect (at 0.95 0 90) (size 1 1.45) (layers F.Cu F.Paste F.Mask) (roundrect_rratio 0.25)
      (net 4 /RESET))
    (model ${KISYS3DMOD}/Capacitor_SMD.3dshapes/C_0805_2012Metric.wrl
      (at (xyz 0 0 0))
      (scale (xyz 1 1 1))
      (rotate (xyz 0 0 0))
    )
  )

  (module Connector_PinHeader_2.54mm:PinHeader_1x06_P2.54mm_Vertical_SMD_Pin1Left (layer F.Cu) (tedit 59FED5CC) (tstamp 5F9C907A)
    (at 26.924 -29.083 180)
    (descr "surface-mounted straight pin header, 1x06, 2.54mm pitch, single row, style 1 (pin 1 left)")
    (tags "Surface mounted pin header SMD 1x06 2.54mm single row style1 pin1 left")
    (path /4DCB971F)
    (attr smd)
    (fp_text reference P2 (at 0 -8.68) (layer F.SilkS)
      (effects (font (size 1 1) (thickness 0.15)))
    )
    (fp_text value FTDI (at 0 8.68) (layer F.Fab)
      (effects (font (size 1 1) (thickness 0.15)))
    )
    (fp_line (start 1.27 7.62) (end -1.27 7.62) (layer F.Fab) (width 0.1))
    (fp_line (start -0.32 -7.62) (end 1.27 -7.62) (layer F.Fab) (width 0.1))
    (fp_line (start -1.27 7.62) (end -1.27 -6.67) (layer F.Fab) (width 0.1))
    (fp_line (start -1.27 -6.67) (end -0.32 -7.62) (layer F.Fab) (width 0.1))
    (fp_line (start 1.27 -7.62) (end 1.27 7.62) (layer F.Fab) (width 0.1))
    (fp_line (start -1.27 -6.67) (end -2.54 -6.67) (layer F.Fab) (width 0.1))
    (fp_line (start -2.54 -6.67) (end -2.54 -6.03) (layer F.Fab) (width 0.1))
    (fp_line (start -2.54 -6.03) (end -1.27 -6.03) (layer F.Fab) (width 0.1))
    (fp_line (start -1.27 -1.59) (end -2.54 -1.59) (layer F.Fab) (width 0.1))
    (fp_line (start -2.54 -1.59) (end -2.54 -0.95) (layer F.Fab) (width 0.1))
    (fp_line (start -2.54 -0.95) (end -1.27 -0.95) (layer F.Fab) (width 0.1))
    (fp_line (start -1.27 3.49) (end -2.54 3.49) (layer F.Fab) (width 0.1))
    (fp_line (start -2.54 3.49) (end -2.54 4.13) (layer F.Fab) (width 0.1))
    (fp_line (start -2.54 4.13) (end -1.27 4.13) (layer F.Fab) (width 0.1))
    (fp_line (start 1.27 -4.13) (end 2.54 -4.13) (layer F.Fab) (width 0.1))
    (fp_line (start 2.54 -4.13) (end 2.54 -3.49) (layer F.Fab) (width 0.1))
    (fp_line (start 2.54 -3.49) (end 1.27 -3.49) (layer F.Fab) (width 0.1))
    (fp_line (start 1.27 0.95) (end 2.54 0.95) (layer F.Fab) (width 0.1))
    (fp_line (start 2.54 0.95) (end 2.54 1.59) (layer F.Fab) (width 0.1))
    (fp_line (start 2.54 1.59) (end 1.27 1.59) (layer F.Fab) (width 0.1))
    (fp_line (start 1.27 6.03) (end 2.54 6.03) (layer F.Fab) (width 0.1))
    (fp_line (start 2.54 6.03) (end 2.54 6.67) (layer F.Fab) (width 0.1))
    (fp_line (start 2.54 6.67) (end 1.27 6.67) (layer F.Fab) (width 0.1))
    (fp_line (start -1.33 -7.68) (end 1.33 -7.68) (layer F.SilkS) (width 0.12))
    (fp_line (start -1.33 7.68) (end 1.33 7.68) (layer F.SilkS) (width 0.12))
    (fp_line (start 1.33 -7.68) (end 1.33 -4.57) (layer F.SilkS) (width 0.12))
    (fp_line (start -1.33 -7.11) (end -2.85 -7.11) (layer F.SilkS) (width 0.12))
    (fp_line (start -1.33 -7.68) (end -1.33 -7.11) (layer F.SilkS) (width 0.12))
    (fp_line (start 1.33 7.11) (end 1.33 7.68) (layer F.SilkS) (width 0.12))
    (fp_line (start 1.33 -3.05) (end 1.33 0.51) (layer F.SilkS) (width 0.12))
    (fp_line (start 1.33 2.03) (end 1.33 5.59) (layer F.SilkS) (width 0.12))
    (fp_line (start -1.33 -5.59) (end -1.33 -2.03) (layer F.SilkS) (width 0.12))
    (fp_line (start -1.33 -0.51) (end -1.33 3.05) (layer F.SilkS) (width 0.12))
    (fp_line (start -1.33 4.57) (end -1.33 7.68) (layer F.SilkS) (width 0.12))
    (fp_line (start -3.45 -8.15) (end -3.45 8.15) (layer F.CrtYd) (width 0.05))
    (fp_line (start -3.45 8.15) (end 3.45 8.15) (layer F.CrtYd) (width 0.05))
    (fp_line (start 3.45 8.15) (end 3.45 -8.15) (layer F.CrtYd) (width 0.05))
    (fp_line (start 3.45 -8.15) (end -3.45 -8.15) (layer F.CrtYd) (width 0.05))
    (fp_text user %R (at 0 0 90) (layer F.Fab)
      (effects (font (size 1 1) (thickness 0.15)))
    )
    (pad 6 smd rect (at 1.655 6.35 180) (size 2.51 1) (layers F.Cu F.Paste F.Mask)
      (net 35 "Net-(C9-Pad1)"))
    (pad 4 smd rect (at 1.655 1.27 180) (size 2.51 1) (layers F.Cu F.Paste F.Mask)
      (net 19 /RXD))
    (pad 2 smd rect (at 1.655 -3.81 180) (size 2.51 1) (layers F.Cu F.Paste F.Mask)
      (net 2 GND))
    (pad 5 smd rect (at -1.655 3.81 180) (size 2.51 1) (layers F.Cu F.Paste F.Mask)
      (net 18 /TXD))
    (pad 3 smd rect (at -1.655 -1.27 180) (size 2.51 1) (layers F.Cu F.Paste F.Mask)
      (net 3 +5V))
    (pad 1 smd rect (at -1.655 -6.35 180) (size 2.51 1) (layers F.Cu F.Paste F.Mask)
      (net 2 GND))
    (model ${KISYS3DMOD}/Connector_PinHeader_2.54mm.3dshapes/PinHeader_1x06_P2.54mm_Vertical_SMD_Pin1Left.wrl
      (at (xyz 0 0 0))
      (scale (xyz 1 1 1))
      (rotate (xyz 0 0 0))
    )
  )

  (module Resistor_SMD:R_0805_2012Metric (layer F.Cu) (tedit 5F68FEEE) (tstamp 5F9C908B)
    (at 34.925 -34.417 90)
    (descr "Resistor SMD 0805 (2012 Metric), square (rectangular) end terminal, IPC_7351 nominal, (Body size source: IPC-SM-782 page 72, https://www.pcb-3d.com/wordpress/wp-content/uploads/ipc-sm-782a_amendment_1_and_2.pdf), generated with kicad-footprint-generator")
    (tags resistor)
    (path /4DCA7BFC)
    (attr smd)
    (fp_text reference R1 (at 0 -1.65 90) (layer F.SilkS)
      (effects (font (size 1 1) (thickness 0.15)))
    )
    (fp_text value 10k (at 0 1.65 90) (layer F.Fab)
      (effects (font (size 1 1) (thickness 0.15)))
    )
    (fp_line (start -1 0.625) (end -1 -0.625) (layer F.Fab) (width 0.1))
    (fp_line (start -1 -0.625) (end 1 -0.625) (layer F.Fab) (width 0.1))
    (fp_line (start 1 -0.625) (end 1 0.625) (layer F.Fab) (width 0.1))
    (fp_line (start 1 0.625) (end -1 0.625) (layer F.Fab) (width 0.1))
    (fp_line (start -0.227064 -0.735) (end 0.227064 -0.735) (layer F.SilkS) (width 0.12))
    (fp_line (start -0.227064 0.735) (end 0.227064 0.735) (layer F.SilkS) (width 0.12))
    (fp_line (start -1.68 0.95) (end -1.68 -0.95) (layer F.CrtYd) (width 0.05))
    (fp_line (start -1.68 -0.95) (end 1.68 -0.95) (layer F.CrtYd) (width 0.05))
    (fp_line (start 1.68 -0.95) (end 1.68 0.95) (layer F.CrtYd) (width 0.05))
    (fp_line (start 1.68 0.95) (end -1.68 0.95) (layer F.CrtYd) (width 0.05))
    (fp_text user %R (at 0 0 90) (layer F.Fab)
      (effects (font (size 0.5 0.5) (thickness 0.08)))
    )
    (pad 2 smd roundrect (at 0.9125 0 90) (size 1.025 1.4) (layers F.Cu F.Paste F.Mask) (roundrect_rratio 0.243902)
      (net 4 /RESET))
    (pad 1 smd roundrect (at -0.9125 0 90) (size 1.025 1.4) (layers F.Cu F.Paste F.Mask) (roundrect_rratio 0.243902)
      (net 3 +5V))
    (model ${KISYS3DMOD}/Resistor_SMD.3dshapes/R_0805_2012Metric.wrl
      (at (xyz 0 0 0))
      (scale (xyz 1 1 1))
      (rotate (xyz 0 0 0))
    )
  )

  (module Resistor_SMD:R_0805_2012Metric (layer F.Cu) (tedit 5F68FEEE) (tstamp 5F9C909C)
    (at 43.18 -20.066)
    (descr "Resistor SMD 0805 (2012 Metric), square (rectangular) end terminal, IPC_7351 nominal, (Body size source: IPC-SM-782 page 72, https://www.pcb-3d.com/wordpress/wp-content/uploads/ipc-sm-782a_amendment_1_and_2.pdf), generated with kicad-footprint-generator")
    (tags resistor)
